{
    "fl_x": 1592.01318359375,
    "fl_y": 1592.01318359375,
    "cx": 954.6777,
    "cy": 713.03839,
    "w": 1920.0,
    "h": 1440.0,
    "integer_depth_scale": 0.00012207217517357137,
    "frames": [
        {
            "file_path": "images/0000.png",
            "depth_path": "depth/0000.depth.png",
            "transform_matrix": [
                [
                    0.9978698492050173,
                    0.014995464123785506,
                    -0.06348814815282822,
                    0.2357710748910905
                ],
                [
                    -0.00014353444566950609,
                    -0.97271466255188,
                    -0.2320045530796052,
                    0.02814689651131627
                ],
                [
                    -0.06523486226797105,
                    0.2315194606781007,
                    -0.9706405997276306,
                    6.902411460876465
                ],
                [
                    0.0,
                    0.0,
                    0.0,
                    1.0
                ]
            ]
        },
        {
            "file_path": "images/0001.png",
            "depth_path": "depth/0001.depth.png",
            "transform_matrix": [
                [
                    0.9994710071872215,
                    0.004870057759865752,
                    -0.03215327638334175,
                    0.2675270994439385
                ],
                [
                    -0.003544012007495333,
                    -0.9665224762249469,
                    -0.25655738330071437,
                    0.016405478394897408
                ],
                [
                    -0.03232630359951857,
                    0.25653562032860056,
                    -0.965994051413168,
                    6.495145176988025
                ],
                [
                    0.0,
                    0.0,
                    0.0,
                    1.0
                ]
            ]
        },
        {
            "file_path": "images/0002.png",
            "depth_path": "depth/0002.depth.png",
            "transform_matrix": [
                [
                    0.9977914859808534,
                    0.022391344350124614,
                    -0.06253497465356185,
                    0.3171463099999624
                ],
                [
                    0.007113412381340249,
                    -0.9720749646143719,
                    -0.2345625940543005,
                    0.018913394148634244
                ],
                [
                    -0.06604084868853824,
                    0.23359972211748745,
                    -0.9700875207415798,
                    5.953574853587663
                ],
                [
                    0.0,
                    0.0,
                    0.0,
                    1.0
                ]
            ]
        },
        {
            "file_path": "images/0003.png",
            "depth_path": "depth/0003.depth.png",
            "transform_matrix": [
                [
                    0.9979518759280659,
                    0.01711436021299368,
                    -0.06163600294276926,
                    0.33841779270053507
                ],
                [
                    0.002674717028058519,
                    -0.9738664967779136,
                    -0.22710535074620283,
                    0.022385319205292742
                ],
                [
                    -0.06391199451818558,
                    0.22647535090909934,
                    -0.9719177918706509,
                    5.517666782530811
                ],
                [
                    0.0,
                    0.0,
                    0.0,
                    1.0
                ]
            ]
        },
        {
            "file_path": "images/0004.png",
            "depth_path": "depth/0004.depth.png",
            "transform_matrix": [
                [
                    0.9975421033449311,
                    0.004344473079690112,
                    -0.06993370046292177,
                    0.33356918163561156
                ],
                [
                    -0.01147274264079665,
                    -0.9744788570296106,
                    -0.2241858188507557,
                    0.01275335232486191
                ],
                [
                    -0.06912287622487814,
                    0.22443712316255246,
                    -0.9720339641680902,
                    5.207492566439222
                ],
                [
                    0.0,
                    0.0,
                    0.0,
                    1.0
                ]
            ]
        },
        {
            "file_path": "images/0005.png",
            "depth_path": "depth/0005.depth.png",
            "transform_matrix": [
                [
                    0.9959925552499999,
                    0.012099960837491212,
                    -0.08861301082185516,
                    0.3020594950601483
                ],
                [
                    -0.009929714287198611,
                    -0.9697189408806404,
                    -0.2440215655771549,
                    0.0037262204061008913
                ],
                [
                    -0.08888236310442539,
                    0.24392356552389977,
                    -0.9657128152191496,
                    4.893791157826529
                ],
                [
                    0.0,
                    0.0,
                    0.0,
                    1.0
                ]
            ]
        },
        {
            "file_path": "images/0006.png",
            "depth_path": "depth/0006.depth.png",
            "transform_matrix": [
                [
                    0.998169082856626,
                    0.007710151381115089,
                    -0.05999066966995282,
                    0.32488166460224854
                ],
                [
                    -0.007971705752375782,
                    -0.9664194828901296,
                    -0.2568458350703671,
                    -0.001710000457621208
                ],
                [
                    -0.059956465550152445,
                    0.2568538021148265,
                    -0.9645887042389133,
                    4.637456175088394
                ],
                [
                    0.0,
                    0.0,
                    0.0,
                    1.0
                ]
            ]
        },
        {
            "file_path": "images/0007.png",
            "depth_path": "depth/0007.depth.png",
            "transform_matrix": [
                [
                    0.9967298710475019,
                    0.029339950982751488,
                    -0.07528994813763125,
                    0.30222817030511795
                ],
                [
                    0.00977026328799533,
                    -0.9686745263332283,
                    -0.2481413951431747,
                    -0.006185095786698
                ],
                [
                    -0.08021190638252391,
                    0.24659433974798933,
                    -0.965793613276744,
                    4.298543085173364
                ],
                [
                    0.0,
                    0.0,
                    0.0,
                    1.0
                ]
            ]
        },
        {
            "file_path": "images/0008.png",
            "depth_path": "depth/0008.depth.png",
            "transform_matrix": [
                [
                    0.996493378759342,
                    0.032183927819006655,
                    -0.07723332008620762,
                    0.27747037775152605
                ],
                [
                    0.012540079765244341,
                    -0.9700835491793148,
                    -0.242447111771551,
                    -0.00823553478834918
                ],
                [
                    -0.08272566898531603,
                    0.24062843048391136,
                    -0.9670855411499004,
                    4.025641989719967
                ],
                [
                    0.0,
                    0.0,
                    0.0,
                    1.0
                ]
            ]
        },
        {
            "file_path": "images/0009.png",
            "depth_path": "depth/0009.depth.png",
            "transform_matrix": [
                [
                    0.9967710566843271,
                    0.0069631788603725115,
                    -0.07999262184211377,
                    0.2510545475943843
                ],
                [
                    -0.011586049026534088,
                    -0.9733344016254143,
                    -0.22909791373051264,
                    0.0029954779999532416
                ],
                [
                    -0.07945481613644821,
                    0.22928496715345004,
                    -0.9701110028226557,
                    3.9218796855760814
                ],
                [
                    0.0,
                    0.0,
                    0.0,
                    1.0
                ]
            ]
        },
        {
            "file_path": "images/0010.png",
            "depth_path": "depth/0010.depth.png",
            "transform_matrix": [
                [
                    0.9924248768145666,
                    0.026535769698222716,
                    -0.11995233077653046,
                    0.2982299624769219
                ],
                [
                    -0.0003125777925696073,
                    -0.9758453883600153,
                    -0.2184619607776977,
                    -0.0001634348465788943
                ],
                [
                    -0.12285198547417593,
                    0.21684457688581804,
                    -0.9684450634432898,
                    3.7211301286219345
                ],
                [
                    0.0,
                    0.0,
                    0.0,
                    1.0
                ]
            ]
        },
        {
            "file_path": "images/0011.png",
            "depth_path": "depth/0011.depth.png",
            "transform_matrix": [
                [
                    0.9907401706603968,
                    0.025175429815765083,
                    -0.1334164788397828,
                    0.3184637322979398
                ],
                [
                    -0.006198980832618648,
                    -0.9732457844484068,
                    -0.2296827457282413,
                    -0.012079417265755538
                ],
                [
                    -0.1356293894856844,
                    0.22838296820771437,
                    -0.9640777511735188,
                    3.6273258385224962
                ],
                [
                    0.0,
                    0.0,
                    0.0,
                    1.0
                ]
            ]
        },
        {
            "file_path": "images/0012.png",
            "depth_path": "depth/0012.depth.png",
            "transform_matrix": [
                [
                    0.9958726477979934,
                    0.015574175813599461,
                    -0.08941453611213236,
                    0.2453190661258584
                ],
                [
                    -0.005087765467536837,
                    -0.9740388497008443,
                    -0.22632362207959025,
                    -0.003541290046849249
                ],
                [
                    -0.0906180325623757,
                    0.22584442383572942,
                    -0.9699395291275874,
                    3.4095879835886636
                ],
                [
                    0.0,
                    0.0,
                    0.0,
                    1.0
                ]
            ]
        },
        {
            "file_path": "images/0013.png",
            "depth_path": "depth/0013.depth.png",
            "transform_matrix": [
                [
                    0.9970869026984018,
                    0.004489925578939853,
                    -0.0761406191740663,
                    0.2033641445191825
                ],
                [
                    -0.012828464298470777,
                    -0.9741728107626185,
                    -0.2254389346803792,
                    -0.0022657166201032336
                ],
                [
                    -0.07518632024654404,
                    0.2257589750434094,
                    -0.9712774702434666,
                    3.2889023458680877
                ],
                [
                    0.0,
                    0.0,
                    0.0,
                    1.0
                ]
            ]
        },
        {
            "file_path": "images/0014.png",
            "depth_path": "depth/0014.depth.png",
            "transform_matrix": [
                [
                    0.9947203636975425,
                    0.008823340235827386,
                    -0.10224182884279258,
                    0.26406572987395993
                ],
                [
                    -0.012611724458234797,
                    -0.9782340051526769,
                    -0.20712103602571064,
                    -0.006446143138537863
                ],
                [
                    -0.10184393138490827,
                    0.20731695459445484,
                    -0.9729581264089229,
                    3.1048327331633345
                ],
                [
                    0.0,
                    0.0,
                    0.0,
                    1.0
                ]
            ]
        },
        {
            "file_path": "images/0015.png",
            "depth_path": "depth/0015.depth.png",
            "transform_matrix": [
                [
                    0.9919810334831258,
                    0.007561804963975254,
                    -0.12615979220038248,
                    0.2920067441425175
                ],
                [
                    -0.01961447780869088,
                    -0.9769031063230474,
                    -0.2127804998393773,
                    -0.011010423715730591
                ],
                [
                    -0.12485489869172847,
                    0.21354877584931958,
                    -0.9689211507513652,
                    2.9691749630631006
                ],
                [
                    0.0,
                    0.0,
                    0.0,
                    1.0
                ]
            ]
        },
        {
            "file_path": "images/0016.png",
            "depth_path": "depth/0016.depth.png",
            "transform_matrix": [
                [
                    0.9962234137546537,
                    0.0068462336147001365,
                    -0.08655566893580241,
                    0.19989567609780945
                ],
                [
                    -0.011405768505238379,
                    -0.9779288045105035,
                    -0.20862672347684627,
                    0.003404760953906155
                ],
                [
                    -0.08607358556475228,
                    0.20882605727531406,
                    -0.9741576040037305,
                    2.7389856170769673
                ],
                [
                    0.0,
                    0.0,
                    0.0,
                    1.0
                ]
            ]
        },
        {
            "file_path": "images/0017.png",
            "depth_path": "depth/0017.depth.png",
            "transform_matrix": [
                [
                    0.9945389932285917,
                    -0.0010178298409703802,
                    -0.10435995315675789,
                    0.15376623655640004
                ],
                [
                    -0.023758128911745575,
                    -0.9759059113894769,
                    -0.21689433238540198,
                    -0.0021592473787311467
                ],
                [
                    -0.10162473225385754,
                    0.2181892658976944,
                    -0.9706007829219855,
                    2.5896266355897524
                ],
                [
                    0.0,
                    0.0,
                    0.0,
                    1.0
                ]
            ]
        },
        {
            "file_path": "images/0018.png",
            "depth_path": "depth/0018.depth.png",
            "transform_matrix": [
                [
                    0.992713082741207,
                    0.0035432664441925575,
                    -0.12044926512836089,
                    0.22797168123970357
                ],
                [
                    -0.0209375201327891,
                    -0.9792914655288498,
                    -0.20136979363417085,
                    0.0014338496475032048
                ],
                [
                    -0.11866844467901276,
                    0.202424333396867,
                    -0.9720813809829467,
                    2.3367254604296317
                ],
                [
                    0.0,
                    0.0,
                    0.0,
                    1.0
                ]
            ]
        },
        {
            "file_path": "images/0019.png",
            "depth_path": "depth/0019.depth.png",
            "transform_matrix": [
                [
                    0.9926292788001032,
                    0.007810588922755773,
                    -0.12093781220972123,
                    0.2206109620480905
                ],
                [
                    -0.020122228372907287,
                    -0.9734467872908267,
                    -0.22802718310258174,
                    -0.01196447649020646
                ],
                [
                    -0.1195075518993265,
                    0.22877999569857652,
                    -0.9661147345810454,
                    2.1306162422256545
                ],
                [
                    0.0,
                    0.0,
                    0.0,
                    1.0
                ]
            ]
        },
        {
            "file_path": "images/0020.png",
            "depth_path": "depth/0020.depth.png",
            "transform_matrix": [
                [
                    0.995825777733654,
                    0.011494508294141764,
                    -0.09054690239232915,
                    0.1151662207048223
                ],
                [
                    -0.006797234139283522,
                    -0.9799444578553574,
                    -0.19915472658675942,
                    0.004598329015083252
                ],
                [
                    -0.09102011770644569,
                    0.1989388745549413,
                    -0.9757759395122083,
                    1.9093768221902776
                ],
                [
                    0.0,
                    0.0,
                    0.0,
                    1.0
                ]
            ]
        },
        {
            "file_path": "images/0021.png",
            "depth_path": "depth/0021.depth.png",
            "transform_matrix": [
                [
                    0.9929519687868127,
                    0.02467108675424954,
                    -0.11592053318270948,
                    0.13894208146766962
                ],
                [
                    -0.0031049188624476367,
                    -0.9723428106486396,
                    -0.2335375045982621,
                    -0.0087858583358284
                ],
                [
                    -0.11847612103676411,
                    0.2322514485995561,
                    -0.9654132250673307,
                    1.5831465409335141
                ],
                [
                    0.0,
                    0.0,
                    0.0,
                    1.0
                ]
            ]
        },
        {
            "file_path": "images/0022.png",
            "depth_path": "depth/0022.depth.png",
            "transform_matrix": [
                [
                    0.9924145102303753,
                    0.028451150165380485,
                    -0.119598565171484,
                    0.07061903360697369
                ],
                [
                    0.0010151761198455107,
                    -0.9747148627612388,
                    -0.22344989085924225,
                    -0.004513317102355641
                ],
                [
                    -0.12293190579289864,
                    0.22163349893447234,
                    -0.9673501746811252,
                    1.2726791962567394
                ],
                [
                    0.0,
                    0.0,
                    0.0,
                    1.0
                ]
            ]
        },
        {
            "file_path": "images/0023.png",
            "depth_path": "depth/0023.depth.png",
            "transform_matrix": [
                [
                    0.9971274348624216,
                    0.016933414693046288,
                    -0.0738239999195883,
                    0.028079703106399012
                ],
                [
                    -0.000636953904811877,
                    -0.9727787538421487,
                    -0.23173484493761723,
                    -0.002957857558453028
                ],
                [
                    -0.07573847580902399,
                    0.23111619351020954,
                    -0.969973716214461,
                    0.911846611906049
                ],
                [
                    0.0,
                    0.0,
                    0.0,
                    1.0
                ]
            ]
        },
        {
            "file_path": "images/0024.png",
            "depth_path": "depth/0024.depth.png",
            "transform_matrix": [
                [
                    0.9987710268259151,
                    -0.0014264518652995653,
                    -0.04954034780651146,
                    -0.06816135404325849
                ],
                [
                    -0.012876361249917426,
                    -0.9727285238607376,
                    -0.2315887868267674,
                    0.0008327076259429245
                ],
                [
                    -0.04785895119987804,
                    0.23194206920217814,
                    -0.9715515524621811,
                    0.4796996510858278
                ],
                [
                    0.0,
                    0.0,
                    0.0,
                    1.0
                ]
            ]
        },
        {
            "file_path": "images/0025.png",
            "depth_path": "depth/0025.depth.png",
            "transform_matrix": [
                [
                    0.9980818814522945,
                    -0.006349049570433372,
                    -0.061579967025056054,
                    -0.07651411724390156
                ],
                [
                    -0.019834794074623418,
                    -0.9750841293695901,
                    -0.22094675736653777,
                    0.001297517936139539
                ],
                [
                    -0.058642840119867104,
                    0.2217443793243902,
                    -0.9733398529332553,
                    0.10062479947986325
                ],
                [
                    0.0,
                    0.0,
                    0.0,
                    1.0
                ]
            ]
        },
        {
            "file_path": "images/0026.png",
            "depth_path": "depth/0026.depth.png",
            "transform_matrix": [
                [
                    0.9990265296223227,
                    -0.0021322706987167905,
                    -0.04406008834594962,
                    -0.1209664644140358
                ],
                [
                    -0.011887954726726893,
                    -0.9748897696223889,
                    -0.2223703253881751,
                    0.0021702231561470803
                ],
                [
                    -0.0424795670646438,
                    0.22267763703559695,
                    -0.9739662099445021,
                    -0.23843808303322156
                ],
                [
                    0.0,
                    0.0,
                    0.0,
                    1.0
                ]
            ]
        },
        {
            "file_path": "images/0027.png",
            "depth_path": "depth/0027.depth.png",
            "transform_matrix": [
                [
                    0.9997257169501798,
                    -0.0204950039691425,
                    -0.011326541103129958,
                    -0.13556589671123997
                ],
                [
                    -0.02240493830913707,
                    -0.9778299504982189,
                    -0.20819835408388038,
                    0.0019885887295562205
                ],
                [
                    -0.006808392650586002,
                    0.2083950155254519,
                    -0.9780210555305425,
                    -0.5202413690198109
                ],
                [
                    0.0,
                    0.0,
                    0.0,
                    1.0
                ]
            ]
        },
        {
            "file_path": "images/0028.png",
            "depth_path": "depth/0028.depth.png",
            "transform_matrix": [
                [
                    0.9986018549770825,
                    0.01751814966898243,
                    -0.04987278337040992,
                    -0.14203609232346517
                ],
                [
                    0.007479987999651268,
                    -0.9808244526410151,
                    -0.19474955937357089,
                    -0.0002875133869195967
                ],
                [
                    -0.05232808938895776,
                    0.19410421849662454,
                    -0.9795842716122642,
                    -0.8045757877686874
                ],
                [
                    0.0,
                    0.0,
                    0.0,
                    1.0
                ]
            ]
        },
        {
            "file_path": "images/0029.png",
            "depth_path": "depth/0029.depth.png",
            "transform_matrix": [
                [
                    0.9999935303471785,
                    0.00295156138104693,
                    0.002018019278284542,
                    -0.19534450336718984
                ],
                [
                    0.0032825409866635387,
                    -0.9816022817113409,
                    -0.19090870451339326,
                    0.005569647429262359
                ],
                [
                    0.001417427613325866,
                    0.19091408811492622,
                    -0.9816057373638468,
                    -0.9750917730198105
                ],
                [
                    0.0,
                    0.0,
                    0.0,
                    1.0
                ]
            ]
        },
        {
            "file_path": "images/0030.png",
            "depth_path": "depth/0030.depth.png",
            "transform_matrix": [
                [
                    0.9997197034615823,
                    -0.011140038864273262,
                    0.02088681156603674,
                    -0.21726716933831103
                ],
                [
                    -0.006821321358544354,
                    -0.9804894714335268,
                    -0.19645308340198822,
                    0.0015808149601078264
                ],
                [
                    0.022667810007600833,
                    0.19625553756059805,
                    -0.9802907508151213,
                    -1.1021859738596582
                ],
                [
                    0.0,
                    0.0,
                    0.0,
                    1.0
                ]
            ]
        },
        {
            "file_path": "images/0031.png",
            "depth_path": "depth/0031.depth.png",
            "transform_matrix": [
                [
                    0.9988392691233376,
                    0.010939217651505026,
                    -0.0469072790400041,
                    -0.11127555040969381
                ],
                [
                    0.0018342603286122792,
                    -0.9818004277910646,
                    -0.18990656511440426,
                    0.004273454731886894
                ],
                [
                    -0.04813100756011735,
                    0.18960008897733235,
                    -0.9806810052909408,
                    -1.336963321677509
                ],
                [
                    0.0,
                    0.0,
                    0.0,
                    1.0
                ]
            ]
        },
        {
            "file_path": "images/0032.png",
            "depth_path": "depth/0032.depth.png",
            "transform_matrix": [
                [
                    0.9996670632346117,
                    -0.015654168664851545,
                    -0.02050742645741923,
                    -0.12488292974807344
                ],
                [
                    -0.019313905626548958,
                    -0.9810912553473822,
                    -0.1925795153321578,
                    -0.0020969835509837415
                ],
                [
                    -0.017104973263406046,
                    0.1929114715003624,
                    -0.9810670750874465,
                    -1.9174423537261434
                ],
                [
                    0.0,
                    0.0,
                    0.0,
                    1.0
                ]
            ]
        },
        {
            "file_path": "images/0033.png",
            "depth_path": "depth/0033.depth.png",
            "transform_matrix": [
                [
                    0.9947355218161513,
                    0.015496828244965085,
                    -0.10129627240970997,
                    -0.07952324951555897
                ],
                [
                    -0.0047307289215136996,
                    -0.9805007702731683,
                    -0.19645815761331237,
                    -0.007339917106634258
                ],
                [
                    -0.10236554957984952,
                    0.19590310839243796,
                    -0.9752657525766043,
                    -2.0632736916584853
                ],
                [
                    0.0,
                    0.0,
                    0.0,
                    1.0
                ]
            ]
        },
        {
            "file_path": "images/0034.png",
            "depth_path": "depth/0034.depth.png",
            "transform_matrix": [
                [
                    0.9999101399911918,
                    -0.008565313281042784,
                    0.010304960155173362,
                    -0.1834952236142757
                ],
                [
                    -0.006538783150134708,
                    -0.9831462070282079,
                    -0.18270393514148925,
                    0.0004313943392283276
                ],
                [
                    0.011696213878191941,
                    0.18262012879675713,
                    -0.9831139857140605,
                    -2.3742373987644143
                ],
                [
                    0.0,
                    0.0,
                    0.0,
                    1.0
                ]
            ]
        },
        {
            "file_path": "images/0035.png",
            "depth_path": "depth/0035.depth.png",
            "transform_matrix": [
                [
                    0.9994539233359631,
                    -0.010566299691219772,
                    -0.0313058028453761,
                    -0.14292327026152102
                ],
                [
                    -0.016061434602985116,
                    -0.9833774423512565,
                    -0.18086122909130456,
                    -0.0028186968949598518
                ],
                [
                    -0.028874376353739663,
                    0.18126527424294953,
                    -0.9830102708065798,
                    -2.6230578796598594
                ],
                [
                    0.0,
                    0.0,
                    0.0,
                    1.0
                ]
            ]
        },
        {
            "file_path": "images/0036.png",
            "depth_path": "depth/0036.depth.png",
            "transform_matrix": [
                [
                    0.9995974265735461,
                    0.0022502245480565154,
                    -0.028280136662231524,
                    -0.06874845953417388
                ],
                [
                    -0.0037119153252663235,
                    -0.9779056767454015,
                    -0.2090135332196415,
                    -0.018666448555854226
                ],
                [
                    -0.028125623101946214,
                    0.2090343600492442,
                    -0.9775037633745175,
                    -2.894347100575506
                ],
                [
                    0.0,
                    0.0,
                    0.0,
                    1.0
                ]
            ]
        },
        {
            "file_path": "images/0037.png",
            "depth_path": "depth/0037.depth.png",
            "transform_matrix": [
                [
                    0.9994877238069789,
                    -0.014960178289397845,
                    0.028290066760271765,
                    -0.1630465922073586
                ],
                [
                    -0.00855045285093022,
                    -0.9767066334151958,
                    -0.21440846530400967,
                    -0.019489112273520737
                ],
                [
                    0.030838701807158753,
                    0.21405673309183032,
                    -0.9763343235062039,
                    -3.2826457237888613
                ],
                [
                    0.0,
                    0.0,
                    0.0,
                    1.0
                ]
            ]
        },
        {
            "file_path": "images/0038.png",
            "depth_path": "depth/0038.depth.png",
            "transform_matrix": [
                [
                    0.9999875553613922,
                    -0.0036942401870543496,
                    -0.0033296492898907313,
                    -0.03381981387861527
                ],
                [
                    -0.004276808441990072,
                    -0.980471243690723,
                    -0.19661586202628545,
                    -0.023210211292390093
                ],
                [
                    -0.0025382657805602254,
                    0.1966276505626117,
                    -0.9804749593989991,
                    -3.6881196904241547
                ],
                [
                    0.0,
                    0.0,
                    0.0,
                    1.0
                ]
            ]
        },
        {
            "file_path": "images/0039.png",
            "depth_path": "depth/0039.depth.png",
            "transform_matrix": [
                [
                    0.9988172169505525,
                    -0.005613971822428992,
                    0.04829591386584322,
                    -0.05662773906219573
                ],
                [
                    0.004884137604808162,
                    -0.9767023644931242,
                    -0.2145427332458948,
                    -0.040144427923213266
                ],
                [
                    0.04837518957532073,
                    0.21452485683145528,
                    -0.9755198350635469,
                    -3.9916151519133862
                ],
                [
                    0.0,
                    0.0,
                    0.0,
                    1.0
                ]
            ]
        },
        {
            "file_path": "images/0040.png",
            "depth_path": "depth/0040.depth.png",
            "transform_matrix": [
                [
                    0.9975240629940504,
                    -0.015193486727725346,
                    0.06866401212792338,
                    -0.08569034761440503
                ],
                [
                    -7.575546931958124e-05,
                    -0.9766145121808335,
                    -0.21499776011420144,
                    -0.03811231275870047
                ],
                [
                    0.0703248581275489,
                    0.21446023459697514,
                    -0.9741977437221689,
                    -4.224512402718795
                ],
                [
                    0.0,
                    0.0,
                    0.0,
                    1.0
                ]
            ]
        },
        {
            "file_path": "images/0041.png",
            "depth_path": "depth/0041.depth.png",
            "transform_matrix": [
                [
                    0.9999035788468782,
                    -0.003140654912096129,
                    0.013520878245693303,
                    0.04722020632194501
                ],
                [
                    -0.0003242646755336477,
                    -0.9790865776334049,
                    -0.20344364415176294,
                    -0.02676651921146117
                ],
                [
                    0.013877072057461089,
                    0.20341963943899102,
                    -0.9789933089296563,
                    -4.547459746863626
                ],
                [
                    0.0,
                    0.0,
                    0.0,
                    1.0
                ]
            ]
        },
        {
            "file_path": "images/0042.png",
            "depth_path": "depth/0042.depth.png",
            "transform_matrix": [
                [
                    0.9995390034028182,
                    -0.005628864283005178,
                    0.029831885893979622,
                    -0.05599656049228349
                ],
                [
                    0.0004633491052977214,
                    -0.9797173274999824,
                    -0.20038386037583078,
                    -0.015506527952666133
                ],
                [
                    0.030354766348839664,
                    0.2003053021685019,
                    -0.9792631902867108,
                    -4.874219839972005
                ],
                [
                    0.0,
                    0.0,
                    0.0,
                    1.0
                ]
            ]
        },
        {
            "file_path": "images/0043.png",
            "depth_path": "depth/0043.depth.png",
            "transform_matrix": [
                [
                    0.9998517756940238,
                    0.003776900830047351,
                    -0.016793049581127664,
                    -0.01981177458426625
                ],
                [
                    0.0003252628576665676,
                    -0.9796004569694061,
                    -0.20095468868535063,
                    -0.011151846893275294
                ],
                [
                    -0.01720945314586784,
                    0.2009194358568597,
                    -0.97945660280831,
                    -5.14394223916739
                ],
                [
                    0.0,
                    0.0,
                    0.0,
                    1.0
                ]
            ]
        },
        {
            "file_path": "images/0044.png",
